em: 0.5
sub_em: 1.0
f1: 0.6266666666666667
precision: 0.6166666666666666
recall: 0.6416666666666666
